(kicad_pcb (version 20171130) (host pcbnew 5.0.2+dfsg1-1)

  (general
    (thickness 1.6)
    (drawings 7)
    (tracks 325)
    (zones 0)
    (modules 51)
    (nets 46)
  )

  (page A4)
  (layers
    (0 F.Cu signal)
    (31 B.Cu signal)
    (32 B.Adhes user)
    (33 F.Adhes user)
    (34 B.Paste user)
    (35 F.Paste user)
    (36 B.SilkS user)
    (37 F.SilkS user)
    (38 B.Mask user)
    (39 F.Mask user)
    (40 Dwgs.User user)
    (41 Cmts.User user)
    (42 Eco1.User user)
    (43 Eco2.User user)
    (44 Edge.Cuts user)
    (45 Margin user)
    (46 B.CrtYd user)
    (47 F.CrtYd user)
    (48 B.Fab user hide)
    (49 F.Fab user hide)
  )

  (setup
    (last_trace_width 0.25)
    (trace_clearance 0.2)
    (zone_clearance 0.508)
    (zone_45_only no)
    (trace_min 0.2)
    (segment_width 0.2)
    (edge_width 0.15)
    (via_size 0.8)
    (via_drill 0.4)
    (via_min_size 0.2)
    (via_min_drill 0.1)
    (uvia_size 0.3)
    (uvia_drill 0.1)
    (uvias_allowed no)
    (uvia_min_size 0.2)
    (uvia_min_drill 0.1)
    (pcb_text_width 0.3)
    (pcb_text_size 1.5 1.5)
    (mod_edge_width 0.15)
    (mod_text_size 1 1)
    (mod_text_width 0.15)
    (pad_size 1.524 1.524)
    (pad_drill 0.762)
    (pad_to_mask_clearance 0.051)
    (solder_mask_min_width 0.25)
    (aux_axis_origin 107.95 62.738)
    (visible_elements FFFFFF7F)
    (pcbplotparams
      (layerselection 0x010f0_ffffffff)
      (usegerberextensions true)
      (usegerberattributes false)
      (usegerberadvancedattributes false)
      (creategerberjobfile false)
      (excludeedgelayer true)
      (linewidth 0.100000)
      (plotframeref false)
      (viasonmask false)
      (mode 1)
      (useauxorigin false)
      (hpglpennumber 1)
      (hpglpenspeed 20)
      (hpglpendiameter 15.000000)
      (psnegative false)
      (psa4output false)
      (plotreference true)
      (plotvalue true)
      (plotinvisibletext false)
      (padsonsilk false)
      (subtractmaskfromsilk false)
      (outputformat 1)
      (mirror false)
      (drillshape 0)
      (scaleselection 1)
      (outputdirectory "out/"))
  )

  (net 0 "")
  (net 1 GND)
  (net 2 VCC)
  (net 3 "Net-(C4-Pad1)")
  (net 4 "Net-(C5-Pad1)")
  (net 5 "Net-(C6-Pad1)")
  (net 6 "Net-(C7-Pad1)")
  (net 7 "Net-(C8-Pad2)")
  (net 8 "Net-(D1-Pad2)")
  (net 9 "Net-(J1-Pad1)")
  (net 10 "Net-(J1-Pad2)")
  (net 11 "Net-(J2-Pad1)")
  (net 12 "Net-(J2-Pad2)")
  (net 13 "Net-(J4-Pad4)")
  (net 14 "Net-(J5-Pad1)")
  (net 15 "Net-(J6-Pad1)")
  (net 16 "Net-(J7-Pad1)")
  (net 17 "Net-(J10-Pad1)")
  (net 18 "Net-(J10-Pad2)")
  (net 19 "Net-(J10-Pad3)")
  (net 20 "Net-(J10-Pad4)")
  (net 21 "Net-(J11-Pad1)")
  (net 22 "Net-(J12-Pad1)")
  (net 23 "Net-(J13-Pad1)")
  (net 24 "Net-(J14-Pad4)")
  (net 25 "Net-(J14-Pad3)")
  (net 26 "Net-(J14-Pad2)")
  (net 27 "Net-(J14-Pad1)")
  (net 28 "Net-(Q1-Pad1)")
  (net 29 "Net-(R8-Pad2)")
  (net 30 "Net-(R9-Pad2)")
  (net 31 "Net-(R10-Pad2)")
  (net 32 "Net-(R12-Pad2)")
  (net 33 "Net-(R13-Pad2)")
  (net 34 "Net-(R16-Pad2)")
  (net 35 "Net-(R17-Pad2)")
  (net 36 "Net-(J4-Pad2)")
  (net 37 "Net-(J4-Pad1)")
  (net 38 /TXD)
  (net 39 "Net-(J8-Pad2)")
  (net 40 "Net-(J9-Pad1)")
  (net 41 "Net-(J15-Pad1)")
  (net 42 "Net-(J16-Pad1)")
  (net 43 "Net-(C1-Pad2)")
  (net 44 "Net-(R20-Pad2)")
  (net 45 "Net-(R21-Pad2)")

  (net_class Default "Это класс цепей по умолчанию."
    (clearance 0.2)
    (trace_width 0.25)
    (via_dia 0.8)
    (via_drill 0.4)
    (uvia_dia 0.3)
    (uvia_drill 0.1)
    (add_net /TXD)
    (add_net GND)
    (add_net "Net-(C1-Pad2)")
    (add_net "Net-(C4-Pad1)")
    (add_net "Net-(C5-Pad1)")
    (add_net "Net-(C6-Pad1)")
    (add_net "Net-(C7-Pad1)")
    (add_net "Net-(C8-Pad2)")
    (add_net "Net-(D1-Pad2)")
    (add_net "Net-(J1-Pad1)")
    (add_net "Net-(J1-Pad2)")
    (add_net "Net-(J10-Pad1)")
    (add_net "Net-(J10-Pad2)")
    (add_net "Net-(J10-Pad3)")
    (add_net "Net-(J10-Pad4)")
    (add_net "Net-(J11-Pad1)")
    (add_net "Net-(J12-Pad1)")
    (add_net "Net-(J13-Pad1)")
    (add_net "Net-(J14-Pad1)")
    (add_net "Net-(J14-Pad2)")
    (add_net "Net-(J14-Pad3)")
    (add_net "Net-(J14-Pad4)")
    (add_net "Net-(J15-Pad1)")
    (add_net "Net-(J16-Pad1)")
    (add_net "Net-(J2-Pad1)")
    (add_net "Net-(J2-Pad2)")
    (add_net "Net-(J4-Pad1)")
    (add_net "Net-(J4-Pad2)")
    (add_net "Net-(J4-Pad4)")
    (add_net "Net-(J5-Pad1)")
    (add_net "Net-(J6-Pad1)")
    (add_net "Net-(J7-Pad1)")
    (add_net "Net-(J8-Pad2)")
    (add_net "Net-(J9-Pad1)")
    (add_net "Net-(Q1-Pad1)")
    (add_net "Net-(R10-Pad2)")
    (add_net "Net-(R12-Pad2)")
    (add_net "Net-(R13-Pad2)")
    (add_net "Net-(R16-Pad2)")
    (add_net "Net-(R17-Pad2)")
    (add_net "Net-(R20-Pad2)")
    (add_net "Net-(R21-Pad2)")
    (add_net "Net-(R8-Pad2)")
    (add_net "Net-(R9-Pad2)")
    (add_net VCC)
  )

  (module Capacitor_SMD:C_0805_2012Metric_Pad1.15x1.40mm_HandSolder (layer F.Cu) (tedit 5B36C52B) (tstamp 5DCF947D)
    (at 124.206 52.569 270)
    (descr "Capacitor SMD 0805 (2012 Metric), square (rectangular) end terminal, IPC_7351 nominal with elongated pad for handsoldering. (Body size source: https://docs.google.com/spreadsheets/d/1BsfQQcO9C6DZCsRaXUlFlo91Tg2WpOkGARC1WS5S8t0/edit?usp=sharing), generated with kicad-footprint-generator")
    (tags "capacitor handsolder")
    (path /5DC2E039)
    (attr smd)
    (fp_text reference C4 (at -0.179 -1.612 270) (layer F.SilkS)
      (effects (font (size 1 1) (thickness 0.15)))
    )
    (fp_text value C (at 0 1.65 270) (layer F.Fab)
      (effects (font (size 1 1) (thickness 0.15)))
    )
    (fp_text user %R (at 0 0 270) (layer F.Fab)
      (effects (font (size 0.5 0.5) (thickness 0.08)))
    )
    (fp_line (start 1.85 0.95) (end -1.85 0.95) (layer F.CrtYd) (width 0.05))
    (fp_line (start 1.85 -0.95) (end 1.85 0.95) (layer F.CrtYd) (width 0.05))
    (fp_line (start -1.85 -0.95) (end 1.85 -0.95) (layer F.CrtYd) (width 0.05))
    (fp_line (start -1.85 0.95) (end -1.85 -0.95) (layer F.CrtYd) (width 0.05))
    (fp_line (start -0.261252 0.71) (end 0.261252 0.71) (layer F.SilkS) (width 0.12))
    (fp_line (start -0.261252 -0.71) (end 0.261252 -0.71) (layer F.SilkS) (width 0.12))
    (fp_line (start 1 0.6) (end -1 0.6) (layer F.Fab) (width 0.1))
    (fp_line (start 1 -0.6) (end 1 0.6) (layer F.Fab) (width 0.1))
    (fp_line (start -1 -0.6) (end 1 -0.6) (layer F.Fab) (width 0.1))
    (fp_line (start -1 0.6) (end -1 -0.6) (layer F.Fab) (width 0.1))
    (pad 2 smd roundrect (at 1.025 0 270) (size 1.15 1.4) (layers F.Cu F.Paste F.Mask) (roundrect_rratio 0.217391)
      (net 1 GND))
    (pad 1 smd roundrect (at -1.025 0 270) (size 1.15 1.4) (layers F.Cu F.Paste F.Mask) (roundrect_rratio 0.217391)
      (net 3 "Net-(C4-Pad1)"))
    (model ${KISYS3DMOD}/Capacitor_SMD.3dshapes/C_0805_2012Metric.wrl
      (at (xyz 0 0 0))
      (scale (xyz 1 1 1))
      (rotate (xyz 0 0 0))
    )
  )

  (module Resistor_SMD:R_0805_2012Metric_Pad1.15x1.40mm_HandSolder (layer F.Cu) (tedit 5B36C52B) (tstamp 5DCF9748)
    (at 125.476 37.329 270)
    (descr "Resistor SMD 0805 (2012 Metric), square (rectangular) end terminal, IPC_7351 nominal with elongated pad for handsoldering. (Body size source: https://docs.google.com/spreadsheets/d/1BsfQQcO9C6DZCsRaXUlFlo91Tg2WpOkGARC1WS5S8t0/edit?usp=sharing), generated with kicad-footprint-generator")
    (tags "resistor handsolder")
    (path /5DD109D5)
    (attr smd)
    (fp_text reference R13 (at 0 -1.65 270) (layer F.SilkS)
      (effects (font (size 1 1) (thickness 0.15)))
    )
    (fp_text value R (at 0 1.65 270) (layer F.Fab)
      (effects (font (size 1 1) (thickness 0.15)))
    )
    (fp_line (start -1 0.6) (end -1 -0.6) (layer F.Fab) (width 0.1))
    (fp_line (start -1 -0.6) (end 1 -0.6) (layer F.Fab) (width 0.1))
    (fp_line (start 1 -0.6) (end 1 0.6) (layer F.Fab) (width 0.1))
    (fp_line (start 1 0.6) (end -1 0.6) (layer F.Fab) (width 0.1))
    (fp_line (start -0.261252 -0.71) (end 0.261252 -0.71) (layer F.SilkS) (width 0.12))
    (fp_line (start -0.261252 0.71) (end 0.261252 0.71) (layer F.SilkS) (width 0.12))
    (fp_line (start -1.85 0.95) (end -1.85 -0.95) (layer F.CrtYd) (width 0.05))
    (fp_line (start -1.85 -0.95) (end 1.85 -0.95) (layer F.CrtYd) (width 0.05))
    (fp_line (start 1.85 -0.95) (end 1.85 0.95) (layer F.CrtYd) (width 0.05))
    (fp_line (start 1.85 0.95) (end -1.85 0.95) (layer F.CrtYd) (width 0.05))
    (fp_text user %R (at 0 0 270) (layer F.Fab)
      (effects (font (size 0.5 0.5) (thickness 0.08)))
    )
    (pad 1 smd roundrect (at -1.025 0 270) (size 1.15 1.4) (layers F.Cu F.Paste F.Mask) (roundrect_rratio 0.217391)
      (net 21 "Net-(J11-Pad1)"))
    (pad 2 smd roundrect (at 1.025 0 270) (size 1.15 1.4) (layers F.Cu F.Paste F.Mask) (roundrect_rratio 0.217391)
      (net 33 "Net-(R13-Pad2)"))
    (model ${KISYS3DMOD}/Resistor_SMD.3dshapes/R_0805_2012Metric.wrl
      (at (xyz 0 0 0))
      (scale (xyz 1 1 1))
      (rotate (xyz 0 0 0))
    )
  )

  (module Capacitor_SMD:C_0805_2012Metric_Pad1.15x1.40mm_HandSolder (layer F.Cu) (tedit 5B36C52B) (tstamp 5DCF9364)
    (at 129.295 58.166 180)
    (descr "Capacitor SMD 0805 (2012 Metric), square (rectangular) end terminal, IPC_7351 nominal with elongated pad for handsoldering. (Body size source: https://docs.google.com/spreadsheets/d/1BsfQQcO9C6DZCsRaXUlFlo91Tg2WpOkGARC1WS5S8t0/edit?usp=sharing), generated with kicad-footprint-generator")
    (tags "capacitor handsolder")
    (path /5DC334F1)
    (attr smd)
    (fp_text reference C1 (at 0 -1.016 180) (layer F.SilkS)
      (effects (font (size 1 1) (thickness 0.15)))
    )
    (fp_text value C (at 0 1.65 180) (layer F.Fab)
      (effects (font (size 1 1) (thickness 0.15)))
    )
    (fp_line (start -1 0.6) (end -1 -0.6) (layer F.Fab) (width 0.1))
    (fp_line (start -1 -0.6) (end 1 -0.6) (layer F.Fab) (width 0.1))
    (fp_line (start 1 -0.6) (end 1 0.6) (layer F.Fab) (width 0.1))
    (fp_line (start 1 0.6) (end -1 0.6) (layer F.Fab) (width 0.1))
    (fp_line (start -0.261252 -0.71) (end 0.261252 -0.71) (layer F.SilkS) (width 0.12))
    (fp_line (start -0.261252 0.71) (end 0.261252 0.71) (layer F.SilkS) (width 0.12))
    (fp_line (start -1.85 0.95) (end -1.85 -0.95) (layer F.CrtYd) (width 0.05))
    (fp_line (start -1.85 -0.95) (end 1.85 -0.95) (layer F.CrtYd) (width 0.05))
    (fp_line (start 1.85 -0.95) (end 1.85 0.95) (layer F.CrtYd) (width 0.05))
    (fp_line (start 1.85 0.95) (end -1.85 0.95) (layer F.CrtYd) (width 0.05))
    (fp_text user %R (at 0 0 180) (layer F.Fab)
      (effects (font (size 0.5 0.5) (thickness 0.08)))
    )
    (pad 1 smd roundrect (at -1.025 0 180) (size 1.15 1.4) (layers F.Cu F.Paste F.Mask) (roundrect_rratio 0.217391)
      (net 1 GND))
    (pad 2 smd roundrect (at 1.025 0 180) (size 1.15 1.4) (layers F.Cu F.Paste F.Mask) (roundrect_rratio 0.217391)
      (net 43 "Net-(C1-Pad2)"))
    (model ${KISYS3DMOD}/Capacitor_SMD.3dshapes/C_0805_2012Metric.wrl
      (at (xyz 0 0 0))
      (scale (xyz 1 1 1))
      (rotate (xyz 0 0 0))
    )
  )

  (module Capacitor_THT:CP_Radial_D5.0mm_P2.50mm (layer B.Cu) (tedit 5AE50EF0) (tstamp 5DCFAB61)
    (at 114.26 50.8 180)
    (descr "CP, Radial series, Radial, pin pitch=2.50mm, , diameter=5mm, Electrolytic Capacitor")
    (tags "CP Radial series Radial pin pitch 2.50mm  diameter 5mm Electrolytic Capacitor")
    (path /5DC2E61D)
    (fp_text reference C3 (at 1.25 3.75 180) (layer B.SilkS)
      (effects (font (size 1 1) (thickness 0.15)) (justify mirror))
    )
    (fp_text value CP1 (at 1.25 -3.75 180) (layer B.Fab)
      (effects (font (size 1 1) (thickness 0.15)) (justify mirror))
    )
    (fp_text user %R (at 1.25 0 180) (layer B.Fab)
      (effects (font (size 1 1) (thickness 0.15)) (justify mirror))
    )
    (fp_line (start -1.304775 1.725) (end -1.304775 1.225) (layer B.SilkS) (width 0.12))
    (fp_line (start -1.554775 1.475) (end -1.054775 1.475) (layer B.SilkS) (width 0.12))
    (fp_line (start 3.851 0.284) (end 3.851 -0.284) (layer B.SilkS) (width 0.12))
    (fp_line (start 3.811 0.518) (end 3.811 -0.518) (layer B.SilkS) (width 0.12))
    (fp_line (start 3.771 0.677) (end 3.771 -0.677) (layer B.SilkS) (width 0.12))
    (fp_line (start 3.731 0.805) (end 3.731 -0.805) (layer B.SilkS) (width 0.12))
    (fp_line (start 3.691 0.915) (end 3.691 -0.915) (layer B.SilkS) (width 0.12))
    (fp_line (start 3.651 1.011) (end 3.651 -1.011) (layer B.SilkS) (width 0.12))
    (fp_line (start 3.611 1.098) (end 3.611 -1.098) (layer B.SilkS) (width 0.12))
    (fp_line (start 3.571 1.178) (end 3.571 -1.178) (layer B.SilkS) (width 0.12))
    (fp_line (start 3.531 -1.04) (end 3.531 -1.251) (layer B.SilkS) (width 0.12))
    (fp_line (start 3.531 1.251) (end 3.531 1.04) (layer B.SilkS) (width 0.12))
    (fp_line (start 3.491 -1.04) (end 3.491 -1.319) (layer B.SilkS) (width 0.12))
    (fp_line (start 3.491 1.319) (end 3.491 1.04) (layer B.SilkS) (width 0.12))
    (fp_line (start 3.451 -1.04) (end 3.451 -1.383) (layer B.SilkS) (width 0.12))
    (fp_line (start 3.451 1.383) (end 3.451 1.04) (layer B.SilkS) (width 0.12))
    (fp_line (start 3.411 -1.04) (end 3.411 -1.443) (layer B.SilkS) (width 0.12))
    (fp_line (start 3.411 1.443) (end 3.411 1.04) (layer B.SilkS) (width 0.12))
    (fp_line (start 3.371 -1.04) (end 3.371 -1.5) (layer B.SilkS) (width 0.12))
    (fp_line (start 3.371 1.5) (end 3.371 1.04) (layer B.SilkS) (width 0.12))
    (fp_line (start 3.331 -1.04) (end 3.331 -1.554) (layer B.SilkS) (width 0.12))
    (fp_line (start 3.331 1.554) (end 3.331 1.04) (layer B.SilkS) (width 0.12))
    (fp_line (start 3.291 -1.04) (end 3.291 -1.605) (layer B.SilkS) (width 0.12))
    (fp_line (start 3.291 1.605) (end 3.291 1.04) (layer B.SilkS) (width 0.12))
    (fp_line (start 3.251 -1.04) (end 3.251 -1.653) (layer B.SilkS) (width 0.12))
    (fp_line (start 3.251 1.653) (end 3.251 1.04) (layer B.SilkS) (width 0.12))
    (fp_line (start 3.211 -1.04) (end 3.211 -1.699) (layer B.SilkS) (width 0.12))
    (fp_line (start 3.211 1.699) (end 3.211 1.04) (layer B.SilkS) (width 0.12))
    (fp_line (start 3.171 -1.04) (end 3.171 -1.743) (layer B.SilkS) (width 0.12))
    (fp_line (start 3.171 1.743) (end 3.171 1.04) (layer B.SilkS) (width 0.12))
    (fp_line (start 3.131 -1.04) (end 3.131 -1.785) (layer B.SilkS) (width 0.12))
    (fp_line (start 3.131 1.785) (end 3.131 1.04) (layer B.SilkS) (width 0.12))
    (fp_line (start 3.091 -1.04) (end 3.091 -1.826) (layer B.SilkS) (width 0.12))
    (fp_line (start 3.091 1.826) (end 3.091 1.04) (layer B.SilkS) (width 0.12))
    (fp_line (start 3.051 -1.04) (end 3.051 -1.864) (layer B.SilkS) (width 0.12))
    (fp_line (start 3.051 1.864) (end 3.051 1.04) (layer B.SilkS) (width 0.12))
    (fp_line (start 3.011 -1.04) (end 3.011 -1.901) (layer B.SilkS) (width 0.12))
    (fp_line (start 3.011 1.901) (end 3.011 1.04) (layer B.SilkS) (width 0.12))
    (fp_line (start 2.971 -1.04) (end 2.971 -1.937) (layer B.SilkS) (width 0.12))
    (fp_line (start 2.971 1.937) (end 2.971 1.04) (layer B.SilkS) (width 0.12))
    (fp_line (start 2.931 -1.04) (end 2.931 -1.971) (layer B.SilkS) (width 0.12))
    (fp_line (start 2.931 1.971) (end 2.931 1.04) (layer B.SilkS) (width 0.12))
    (fp_line (start 2.891 -1.04) (end 2.891 -2.004) (layer B.SilkS) (width 0.12))
    (fp_line (start 2.891 2.004) (end 2.891 1.04) (layer B.SilkS) (width 0.12))
    (fp_line (start 2.851 -1.04) (end 2.851 -2.035) (layer B.SilkS) (width 0.12))
    (fp_line (start 2.851 2.035) (end 2.851 1.04) (layer B.SilkS) (width 0.12))
    (fp_line (start 2.811 -1.04) (end 2.811 -2.065) (layer B.SilkS) (width 0.12))
    (fp_line (start 2.811 2.065) (end 2.811 1.04) (layer B.SilkS) (width 0.12))
    (fp_line (start 2.771 -1.04) (end 2.771 -2.095) (layer B.SilkS) (width 0.12))
    (fp_line (start 2.771 2.095) (end 2.771 1.04) (layer B.SilkS) (width 0.12))
    (fp_line (start 2.731 -1.04) (end 2.731 -2.122) (layer B.SilkS) (width 0.12))
    (fp_line (start 2.731 2.122) (end 2.731 1.04) (layer B.SilkS) (width 0.12))
    (fp_line (start 2.691 -1.04) (end 2.691 -2.149) (layer B.SilkS) (width 0.12))
    (fp_line (start 2.691 2.149) (end 2.691 1.04) (layer B.SilkS) (width 0.12))
    (fp_line (start 2.651 -1.04) (end 2.651 -2.175) (layer B.SilkS) (width 0.12))
    (fp_line (start 2.651 2.175) (end 2.651 1.04) (layer B.SilkS) (width 0.12))
    (fp_line (start 2.611 -1.04) (end 2.611 -2.2) (layer B.SilkS) (width 0.12))
    (fp_line (start 2.611 2.2) (end 2.611 1.04) (layer B.SilkS) (width 0.12))
    (fp_line (start 2.571 -1.04) (end 2.571 -2.224) (layer B.SilkS) (width 0.12))
    (fp_line (start 2.571 2.224) (end 2.571 1.04) (layer B.SilkS) (width 0.12))
    (fp_line (start 2.531 -1.04) (end 2.531 -2.247) (layer B.SilkS) (width 0.12))
    (fp_line (start 2.531 2.247) (end 2.531 1.04) (layer B.SilkS) (width 0.12))
    (fp_line (start 2.491 -1.04) (end 2.491 -2.268) (layer B.SilkS) (width 0.12))
    (fp_line (start 2.491 2.268) (end 2.491 1.04) (layer B.SilkS) (width 0.12))
    (fp_line (start 2.451 -1.04) (end 2.451 -2.29) (layer B.SilkS) (width 0.12))
    (fp_line (start 2.451 2.29) (end 2.451 1.04) (layer B.SilkS) (width 0.12))
    (fp_line (start 2.411 -1.04) (end 2.411 -2.31) (layer B.SilkS) (width 0.12))
    (fp_line (start 2.411 2.31) (end 2.411 1.04) (layer B.SilkS) (width 0.12))
    (fp_line (start 2.371 -1.04) (end 2.371 -2.329) (layer B.SilkS) (width 0.12))
    (fp_line (start 2.371 2.329) (end 2.371 1.04) (layer B.SilkS) (width 0.12))
    (fp_line (start 2.331 -1.04) (end 2.331 -2.348) (layer B.SilkS) (width 0.12))
    (fp_line (start 2.331 2.348) (end 2.331 1.04) (layer B.SilkS) (width 0.12))
    (fp_line (start 2.291 -1.04) (end 2.291 -2.365) (layer B.SilkS) (width 0.12))
    (fp_line (start 2.291 2.365) (end 2.291 1.04) (layer B.SilkS) (width 0.12))
    (fp_line (start 2.251 -1.04) (end 2.251 -2.382) (layer B.SilkS) (width 0.12))
    (fp_line (start 2.251 2.382) (end 2.251 1.04) (layer B.SilkS) (width 0.12))
    (fp_line (start 2.211 -1.04) (end 2.211 -2.398) (layer B.SilkS) (width 0.12))
    (fp_line (start 2.211 2.398) (end 2.211 1.04) (layer B.SilkS) (width 0.12))
    (fp_line (start 2.171 -1.04) (end 2.171 -2.414) (layer B.SilkS) (width 0.12))
    (fp_line (start 2.171 2.414) (end 2.171 1.04) (layer B.SilkS) (width 0.12))
    (fp_line (start 2.131 -1.04) (end 2.131 -2.428) (layer B.SilkS) (width 0.12))
    (fp_line (start 2.131 2.428) (end 2.131 1.04) (layer B.SilkS) (width 0.12))
    (fp_line (start 2.091 -1.04) (end 2.091 -2.442) (layer B.SilkS) (width 0.12))
    (fp_line (start 2.091 2.442) (end 2.091 1.04) (layer B.SilkS) (width 0.12))
    (fp_line (start 2.051 -1.04) (end 2.051 -2.455) (layer B.SilkS) (width 0.12))
    (fp_line (start 2.051 2.455) (end 2.051 1.04) (layer B.SilkS) (width 0.12))
    (fp_line (start 2.011 -1.04) (end 2.011 -2.468) (layer B.SilkS) (width 0.12))
    (fp_line (start 2.011 2.468) (end 2.011 1.04) (layer B.SilkS) (width 0.12))
    (fp_line (start 1.971 -1.04) (end 1.971 -2.48) (layer B.SilkS) (width 0.12))
    (fp_line (start 1.971 2.48) (end 1.971 1.04) (layer B.SilkS) (width 0.12))
    (fp_line (start 1.93 -1.04) (end 1.93 -2.491) (layer B.SilkS) (width 0.12))
    (fp_line (start 1.93 2.491) (end 1.93 1.04) (layer B.SilkS) (width 0.12))
    (fp_line (start 1.89 -1.04) (end 1.89 -2.501) (layer B.SilkS) (width 0.12))
    (fp_line (start 1.89 2.501) (end 1.89 1.04) (layer B.SilkS) (width 0.12))
    (fp_line (start 1.85 -1.04) (end 1.85 -2.511) (layer B.SilkS) (width 0.12))
    (fp_line (start 1.85 2.511) (end 1.85 1.04) (layer B.SilkS) (width 0.12))
    (fp_line (start 1.81 -1.04) (end 1.81 -2.52) (layer B.SilkS) (width 0.12))
    (fp_line (start 1.81 2.52) (end 1.81 1.04) (layer B.SilkS) (width 0.12))
    (fp_line (start 1.77 -1.04) (end 1.77 -2.528) (layer B.SilkS) (width 0.12))
    (fp_line (start 1.77 2.528) (end 1.77 1.04) (layer B.SilkS) (width 0.12))
    (fp_line (start 1.73 -1.04) (end 1.73 -2.536) (layer B.SilkS) (width 0.12))
    (fp_line (start 1.73 2.536) (end 1.73 1.04) (layer B.SilkS) (width 0.12))
    (fp_line (start 1.69 -1.04) (end 1.69 -2.543) (layer B.SilkS) (width 0.12))
    (fp_line (start 1.69 2.543) (end 1.69 1.04) (layer B.SilkS) (width 0.12))
    (fp_line (start 1.65 -1.04) (end 1.65 -2.55) (layer B.SilkS) (width 0.12))
    (fp_line (start 1.65 2.55) (end 1.65 1.04) (layer B.SilkS) (width 0.12))
    (fp_line (start 1.61 -1.04) (end 1.61 -2.556) (layer B.SilkS) (width 0.12))
    (fp_line (start 1.61 2.556) (end 1.61 1.04) (layer B.SilkS) (width 0.12))
    (fp_line (start 1.57 -1.04) (end 1.57 -2.561) (layer B.SilkS) (width 0.12))
    (fp_line (start 1.57 2.561) (end 1.57 1.04) (layer B.SilkS) (width 0.12))
    (fp_line (start 1.53 -1.04) (end 1.53 -2.565) (layer B.SilkS) (width 0.12))
    (fp_line (start 1.53 2.565) (end 1.53 1.04) (layer B.SilkS) (width 0.12))
    (fp_line (start 1.49 -1.04) (end 1.49 -2.569) (layer B.SilkS) (width 0.12))
    (fp_line (start 1.49 2.569) (end 1.49 1.04) (layer B.SilkS) (width 0.12))
    (fp_line (start 1.45 2.573) (end 1.45 -2.573) (layer B.SilkS) (width 0.12))
    (fp_line (start 1.41 2.576) (end 1.41 -2.576) (layer B.SilkS) (width 0.12))
    (fp_line (start 1.37 2.578) (end 1.37 -2.578) (layer B.SilkS) (width 0.12))
    (fp_line (start 1.33 2.579) (end 1.33 -2.579) (layer B.SilkS) (width 0.12))
    (fp_line (start 1.29 2.58) (end 1.29 -2.58) (layer B.SilkS) (width 0.12))
    (fp_line (start 1.25 2.58) (end 1.25 -2.58) (layer B.SilkS) (width 0.12))
    (fp_line (start -0.633605 1.3375) (end -0.633605 0.8375) (layer B.Fab) (width 0.1))
    (fp_line (start -0.883605 1.0875) (end -0.383605 1.0875) (layer B.Fab) (width 0.1))
    (fp_circle (center 1.25 0) (end 4 0) (layer B.CrtYd) (width 0.05))
    (fp_circle (center 1.25 0) (end 3.87 0) (layer B.SilkS) (width 0.12))
    (fp_circle (center 1.25 0) (end 3.75 0) (layer B.Fab) (width 0.1))
    (pad 2 thru_hole circle (at 2.5 0 180) (size 1.6 1.6) (drill 0.8) (layers *.Cu *.Mask)
      (net 1 GND))
    (pad 1 thru_hole rect (at 0 0 180) (size 1.6 1.6) (drill 0.8) (layers *.Cu *.Mask)
      (net 2 VCC))
    (model ${KISYS3DMOD}/Capacitor_THT.3dshapes/CP_Radial_D5.0mm_P2.50mm.wrl
      (at (xyz 0 0 0))
      (scale (xyz 1 1 1))
      (rotate (xyz 0 0 0))
    )
  )

  (module Capacitor_SMD:C_0805_2012Metric_Pad1.15x1.40mm_HandSolder (layer F.Cu) (tedit 5B36C52B) (tstamp 5DCF948E)
    (at 117.348 55.635 90)
    (descr "Capacitor SMD 0805 (2012 Metric), square (rectangular) end terminal, IPC_7351 nominal with elongated pad for handsoldering. (Body size source: https://docs.google.com/spreadsheets/d/1BsfQQcO9C6DZCsRaXUlFlo91Tg2WpOkGARC1WS5S8t0/edit?usp=sharing), generated with kicad-footprint-generator")
    (tags "capacitor handsolder")
    (path /5DC31730)
    (attr smd)
    (fp_text reference C5 (at 0 -0.508 90) (layer F.SilkS)
      (effects (font (size 1 1) (thickness 0.15)))
    )
    (fp_text value C (at 0 1.65 90) (layer F.Fab)
      (effects (font (size 1 1) (thickness 0.15)))
    )
    (fp_text user %R (at 0 0 90) (layer F.Fab)
      (effects (font (size 0.5 0.5) (thickness 0.08)))
    )
    (fp_line (start 1.85 0.95) (end -1.85 0.95) (layer F.CrtYd) (width 0.05))
    (fp_line (start 1.85 -0.95) (end 1.85 0.95) (layer F.CrtYd) (width 0.05))
    (fp_line (start -1.85 -0.95) (end 1.85 -0.95) (layer F.CrtYd) (width 0.05))
    (fp_line (start -1.85 0.95) (end -1.85 -0.95) (layer F.CrtYd) (width 0.05))
    (fp_line (start -0.261252 0.71) (end 0.261252 0.71) (layer F.SilkS) (width 0.12))
    (fp_line (start -0.261252 -0.71) (end 0.261252 -0.71) (layer F.SilkS) (width 0.12))
    (fp_line (start 1 0.6) (end -1 0.6) (layer F.Fab) (width 0.1))
    (fp_line (start 1 -0.6) (end 1 0.6) (layer F.Fab) (width 0.1))
    (fp_line (start -1 -0.6) (end 1 -0.6) (layer F.Fab) (width 0.1))
    (fp_line (start -1 0.6) (end -1 -0.6) (layer F.Fab) (width 0.1))
    (pad 2 smd roundrect (at 1.025 0 90) (size 1.15 1.4) (layers F.Cu F.Paste F.Mask) (roundrect_rratio 0.217391)
      (net 1 GND))
    (pad 1 smd roundrect (at -1.025 0 90) (size 1.15 1.4) (layers F.Cu F.Paste F.Mask) (roundrect_rratio 0.217391)
      (net 4 "Net-(C5-Pad1)"))
    (model ${KISYS3DMOD}/Capacitor_SMD.3dshapes/C_0805_2012Metric.wrl
      (at (xyz 0 0 0))
      (scale (xyz 1 1 1))
      (rotate (xyz 0 0 0))
    )
  )

  (module Capacitor_SMD:C_0805_2012Metric_Pad1.15x1.40mm_HandSolder (layer F.Cu) (tedit 5B36C52B) (tstamp 5DCFDF90)
    (at 130.302 55.5 270)
    (descr "Capacitor SMD 0805 (2012 Metric), square (rectangular) end terminal, IPC_7351 nominal with elongated pad for handsoldering. (Body size source: https://docs.google.com/spreadsheets/d/1BsfQQcO9C6DZCsRaXUlFlo91Tg2WpOkGARC1WS5S8t0/edit?usp=sharing), generated with kicad-footprint-generator")
    (tags "capacitor handsolder")
    (path /5DC31945)
    (attr smd)
    (fp_text reference C6 (at 0 -1.016 270) (layer F.SilkS)
      (effects (font (size 1 1) (thickness 0.15)))
    )
    (fp_text value C (at 0 1.65 270) (layer F.Fab)
      (effects (font (size 1 1) (thickness 0.15)))
    )
    (fp_line (start -1 0.6) (end -1 -0.6) (layer F.Fab) (width 0.1))
    (fp_line (start -1 -0.6) (end 1 -0.6) (layer F.Fab) (width 0.1))
    (fp_line (start 1 -0.6) (end 1 0.6) (layer F.Fab) (width 0.1))
    (fp_line (start 1 0.6) (end -1 0.6) (layer F.Fab) (width 0.1))
    (fp_line (start -0.261252 -0.71) (end 0.261252 -0.71) (layer F.SilkS) (width 0.12))
    (fp_line (start -0.261252 0.71) (end 0.261252 0.71) (layer F.SilkS) (width 0.12))
    (fp_line (start -1.85 0.95) (end -1.85 -0.95) (layer F.CrtYd) (width 0.05))
    (fp_line (start -1.85 -0.95) (end 1.85 -0.95) (layer F.CrtYd) (width 0.05))
    (fp_line (start 1.85 -0.95) (end 1.85 0.95) (layer F.CrtYd) (width 0.05))
    (fp_line (start 1.85 0.95) (end -1.85 0.95) (layer F.CrtYd) (width 0.05))
    (fp_text user %R (at 0 0 270) (layer F.Fab)
      (effects (font (size 0.5 0.5) (thickness 0.08)))
    )
    (pad 1 smd roundrect (at -1.025 0 270) (size 1.15 1.4) (layers F.Cu F.Paste F.Mask) (roundrect_rratio 0.217391)
      (net 5 "Net-(C6-Pad1)"))
    (pad 2 smd roundrect (at 1.025 0 270) (size 1.15 1.4) (layers F.Cu F.Paste F.Mask) (roundrect_rratio 0.217391)
      (net 1 GND))
    (model ${KISYS3DMOD}/Capacitor_SMD.3dshapes/C_0805_2012Metric.wrl
      (at (xyz 0 0 0))
      (scale (xyz 1 1 1))
      (rotate (xyz 0 0 0))
    )
  )

  (module Capacitor_SMD:C_0805_2012Metric_Pad1.15x1.40mm_HandSolder (layer F.Cu) (tedit 5B36C52B) (tstamp 5DCF94B0)
    (at 121.666 52.569 270)
    (descr "Capacitor SMD 0805 (2012 Metric), square (rectangular) end terminal, IPC_7351 nominal with elongated pad for handsoldering. (Body size source: https://docs.google.com/spreadsheets/d/1BsfQQcO9C6DZCsRaXUlFlo91Tg2WpOkGARC1WS5S8t0/edit?usp=sharing), generated with kicad-footprint-generator")
    (tags "capacitor handsolder")
    (path /5DC2FC7E)
    (attr smd)
    (fp_text reference C7 (at 0 -1.524 270) (layer F.SilkS)
      (effects (font (size 1 1) (thickness 0.15)))
    )
    (fp_text value C (at 0 1.65 270) (layer F.Fab)
      (effects (font (size 1 1) (thickness 0.15)))
    )
    (fp_line (start -1 0.6) (end -1 -0.6) (layer F.Fab) (width 0.1))
    (fp_line (start -1 -0.6) (end 1 -0.6) (layer F.Fab) (width 0.1))
    (fp_line (start 1 -0.6) (end 1 0.6) (layer F.Fab) (width 0.1))
    (fp_line (start 1 0.6) (end -1 0.6) (layer F.Fab) (width 0.1))
    (fp_line (start -0.261252 -0.71) (end 0.261252 -0.71) (layer F.SilkS) (width 0.12))
    (fp_line (start -0.261252 0.71) (end 0.261252 0.71) (layer F.SilkS) (width 0.12))
    (fp_line (start -1.85 0.95) (end -1.85 -0.95) (layer F.CrtYd) (width 0.05))
    (fp_line (start -1.85 -0.95) (end 1.85 -0.95) (layer F.CrtYd) (width 0.05))
    (fp_line (start 1.85 -0.95) (end 1.85 0.95) (layer F.CrtYd) (width 0.05))
    (fp_line (start 1.85 0.95) (end -1.85 0.95) (layer F.CrtYd) (width 0.05))
    (fp_text user %R (at 0 0 270) (layer F.Fab)
      (effects (font (size 0.5 0.5) (thickness 0.08)))
    )
    (pad 1 smd roundrect (at -1.025 0 270) (size 1.15 1.4) (layers F.Cu F.Paste F.Mask) (roundrect_rratio 0.217391)
      (net 6 "Net-(C7-Pad1)"))
    (pad 2 smd roundrect (at 1.025 0 270) (size 1.15 1.4) (layers F.Cu F.Paste F.Mask) (roundrect_rratio 0.217391)
      (net 1 GND))
    (model ${KISYS3DMOD}/Capacitor_SMD.3dshapes/C_0805_2012Metric.wrl
      (at (xyz 0 0 0))
      (scale (xyz 1 1 1))
      (rotate (xyz 0 0 0))
    )
  )

  (module Capacitor_SMD:C_0805_2012Metric_Pad1.15x1.40mm_HandSolder (layer B.Cu) (tedit 5B36C52B) (tstamp 5DE72C6A)
    (at 134.62 43.425 270)
    (descr "Capacitor SMD 0805 (2012 Metric), square (rectangular) end terminal, IPC_7351 nominal with elongated pad for handsoldering. (Body size source: https://docs.google.com/spreadsheets/d/1BsfQQcO9C6DZCsRaXUlFlo91Tg2WpOkGARC1WS5S8t0/edit?usp=sharing), generated with kicad-footprint-generator")
    (tags "capacitor handsolder")
    (path /5DC2CC93)
    (attr smd)
    (fp_text reference C8 (at 0 -1.524 90) (layer B.SilkS)
      (effects (font (size 1 1) (thickness 0.15)) (justify mirror))
    )
    (fp_text value C (at -0.245 0 270) (layer B.Fab)
      (effects (font (size 1 1) (thickness 0.15)) (justify mirror))
    )
    (fp_text user %R (at 0 0 270) (layer B.Fab)
      (effects (font (size 0.5 0.5) (thickness 0.08)) (justify mirror))
    )
    (fp_line (start 1.85 -0.95) (end -1.85 -0.95) (layer B.CrtYd) (width 0.05))
    (fp_line (start 1.85 0.95) (end 1.85 -0.95) (layer B.CrtYd) (width 0.05))
    (fp_line (start -1.85 0.95) (end 1.85 0.95) (layer B.CrtYd) (width 0.05))
    (fp_line (start -1.85 -0.95) (end -1.85 0.95) (layer B.CrtYd) (width 0.05))
    (fp_line (start -0.261252 -0.71) (end 0.261252 -0.71) (layer B.SilkS) (width 0.12))
    (fp_line (start -0.261252 0.71) (end 0.261252 0.71) (layer B.SilkS) (width 0.12))
    (fp_line (start 1 -0.6) (end -1 -0.6) (layer B.Fab) (width 0.1))
    (fp_line (start 1 0.6) (end 1 -0.6) (layer B.Fab) (width 0.1))
    (fp_line (start -1 0.6) (end 1 0.6) (layer B.Fab) (width 0.1))
    (fp_line (start -1 -0.6) (end -1 0.6) (layer B.Fab) (width 0.1))
    (pad 2 smd roundrect (at 1.025 0 270) (size 1.15 1.4) (layers B.Cu B.Paste B.Mask) (roundrect_rratio 0.217391)
      (net 7 "Net-(C8-Pad2)"))
    (pad 1 smd roundrect (at -1.025 0 270) (size 1.15 1.4) (layers B.Cu B.Paste B.Mask) (roundrect_rratio 0.217391)
      (net 1 GND))
    (model ${KISYS3DMOD}/Capacitor_SMD.3dshapes/C_0805_2012Metric.wrl
      (at (xyz 0 0 0))
      (scale (xyz 1 1 1))
      (rotate (xyz 0 0 0))
    )
  )

  (module Connector_PinHeader_2.54mm:PinHeader_1x02_P2.54mm_Vertical (layer F.Cu) (tedit 59FED5CC) (tstamp 5DCF9522)
    (at 109.22 54.61)
    (descr "Through hole straight pin header, 1x02, 2.54mm pitch, single row")
    (tags "Through hole pin header THT 1x02 2.54mm single row")
    (path /5DC4D4B7)
    (fp_text reference J1 (at 1.33 -5.08 90) (layer F.SilkS)
      (effects (font (size 1 1) (thickness 0.15)))
    )
    (fp_text value "Ispr T" (at -2.574 1.682 270) (layer F.Fab)
      (effects (font (size 1 1) (thickness 0.15)))
    )
    (fp_line (start -0.635 -1.27) (end 1.27 -1.27) (layer F.Fab) (width 0.1))
    (fp_line (start 1.27 -1.27) (end 1.27 3.81) (layer F.Fab) (width 0.1))
    (fp_line (start 1.27 3.81) (end -1.27 3.81) (layer F.Fab) (width 0.1))
    (fp_line (start -1.27 3.81) (end -1.27 -0.635) (layer F.Fab) (width 0.1))
    (fp_line (start -1.27 -0.635) (end -0.635 -1.27) (layer F.Fab) (width 0.1))
    (fp_line (start -1.33 3.87) (end 1.33 3.87) (layer F.SilkS) (width 0.12))
    (fp_line (start -1.33 1.27) (end -1.33 3.87) (layer F.SilkS) (width 0.12))
    (fp_line (start 1.33 1.27) (end 1.33 3.87) (layer F.SilkS) (width 0.12))
    (fp_line (start -1.33 1.27) (end 1.33 1.27) (layer F.SilkS) (width 0.12))
    (fp_line (start -1.33 0) (end -1.33 -1.33) (layer F.SilkS) (width 0.12))
    (fp_line (start -1.33 -1.33) (end 0 -1.33) (layer F.SilkS) (width 0.12))
    (fp_line (start -1.8 -1.8) (end -1.8 4.35) (layer F.CrtYd) (width 0.05))
    (fp_line (start -1.8 4.35) (end 1.8 4.35) (layer F.CrtYd) (width 0.05))
    (fp_line (start 1.8 4.35) (end 1.8 -1.8) (layer F.CrtYd) (width 0.05))
    (fp_line (start 1.8 -1.8) (end -1.8 -1.8) (layer F.CrtYd) (width 0.05))
    (fp_text user %R (at 0 1.27 90) (layer F.Fab)
      (effects (font (size 1 1) (thickness 0.15)))
    )
    (pad 1 thru_hole rect (at 0 0) (size 1.7 1.7) (drill 1) (layers *.Cu *.Mask)
      (net 9 "Net-(J1-Pad1)"))
    (pad 2 thru_hole oval (at 0 2.54) (size 1.7 1.7) (drill 1) (layers *.Cu *.Mask)
      (net 10 "Net-(J1-Pad2)"))
    (model ${KISYS3DMOD}/Connector_PinHeader_2.54mm.3dshapes/PinHeader_1x02_P2.54mm_Vertical.wrl
      (at (xyz 0 0 0))
      (scale (xyz 1 1 1))
      (rotate (xyz 0 0 0))
    )
  )

  (module Connector_PinHeader_2.54mm:PinHeader_1x02_P2.54mm_Vertical (layer F.Cu) (tedit 59FED5CC) (tstamp 5DE6A6DE)
    (at 138.43 57.15 180)
    (descr "Through hole straight pin header, 1x02, 2.54mm pitch, single row")
    (tags "Through hole pin header THT 1x02 2.54mm single row")
    (path /5DC4E250)
    (fp_text reference J2 (at 1.27 1.27 270) (layer F.SilkS)
      (effects (font (size 1 1) (thickness 0.15)))
    )
    (fp_text value "Salon T" (at 3.994 1.436 270) (layer F.Fab)
      (effects (font (size 1 1) (thickness 0.15)))
    )
    (fp_line (start -0.635 -1.27) (end 1.27 -1.27) (layer F.Fab) (width 0.1))
    (fp_line (start 1.27 -1.27) (end 1.27 3.81) (layer F.Fab) (width 0.1))
    (fp_line (start 1.27 3.81) (end -1.27 3.81) (layer F.Fab) (width 0.1))
    (fp_line (start -1.27 3.81) (end -1.27 -0.635) (layer F.Fab) (width 0.1))
    (fp_line (start -1.27 -0.635) (end -0.635 -1.27) (layer F.Fab) (width 0.1))
    (fp_line (start -1.33 3.87) (end 1.33 3.87) (layer F.SilkS) (width 0.12))
    (fp_line (start -1.33 1.27) (end -1.33 3.87) (layer F.SilkS) (width 0.12))
    (fp_line (start 1.33 1.27) (end 1.33 3.87) (layer F.SilkS) (width 0.12))
    (fp_line (start -1.33 1.27) (end 1.33 1.27) (layer F.SilkS) (width 0.12))
    (fp_line (start -1.33 0) (end -1.33 -1.33) (layer F.SilkS) (width 0.12))
    (fp_line (start -1.33 -1.33) (end 0 -1.33) (layer F.SilkS) (width 0.12))
    (fp_line (start -1.8 -1.8) (end -1.8 4.35) (layer F.CrtYd) (width 0.05))
    (fp_line (start -1.8 4.35) (end 1.8 4.35) (layer F.CrtYd) (width 0.05))
    (fp_line (start 1.8 4.35) (end 1.8 -1.8) (layer F.CrtYd) (width 0.05))
    (fp_line (start 1.8 -1.8) (end -1.8 -1.8) (layer F.CrtYd) (width 0.05))
    (fp_text user %R (at 0 1.27 270) (layer F.Fab)
      (effects (font (size 1 1) (thickness 0.15)))
    )
    (pad 1 thru_hole rect (at 0 0 180) (size 1.7 1.7) (drill 1) (layers *.Cu *.Mask)
      (net 11 "Net-(J2-Pad1)"))
    (pad 2 thru_hole oval (at 0 2.54 180) (size 1.7 1.7) (drill 1) (layers *.Cu *.Mask)
      (net 12 "Net-(J2-Pad2)"))
    (model ${KISYS3DMOD}/Connector_PinHeader_2.54mm.3dshapes/PinHeader_1x02_P2.54mm_Vertical.wrl
      (at (xyz 0 0 0))
      (scale (xyz 1 1 1))
      (rotate (xyz 0 0 0))
    )
  )

  (module Connector_PinHeader_2.54mm:PinHeader_1x02_P2.54mm_Vertical (layer F.Cu) (tedit 59FED5CC) (tstamp 5DCF954E)
    (at 109.22 50.8 180)
    (descr "Through hole straight pin header, 1x02, 2.54mm pitch, single row")
    (tags "Through hole pin header THT 1x02 2.54mm single row")
    (path /5DC2E206)
    (fp_text reference J3 (at 0 -2.33 180) (layer F.SilkS)
      (effects (font (size 1 1) (thickness 0.15)))
    )
    (fp_text value Power (at 0 4.87 180) (layer F.Fab)
      (effects (font (size 1 1) (thickness 0.15)))
    )
    (fp_text user %R (at 0 1.27 270) (layer F.Fab)
      (effects (font (size 1 1) (thickness 0.15)))
    )
    (fp_line (start 1.8 -1.8) (end -1.8 -1.8) (layer F.CrtYd) (width 0.05))
    (fp_line (start 1.8 4.35) (end 1.8 -1.8) (layer F.CrtYd) (width 0.05))
    (fp_line (start -1.8 4.35) (end 1.8 4.35) (layer F.CrtYd) (width 0.05))
    (fp_line (start -1.8 -1.8) (end -1.8 4.35) (layer F.CrtYd) (width 0.05))
    (fp_line (start -1.33 -1.33) (end 0 -1.33) (layer F.SilkS) (width 0.12))
    (fp_line (start -1.33 0) (end -1.33 -1.33) (layer F.SilkS) (width 0.12))
    (fp_line (start -1.33 1.27) (end 1.33 1.27) (layer F.SilkS) (width 0.12))
    (fp_line (start 1.33 1.27) (end 1.33 3.87) (layer F.SilkS) (width 0.12))
    (fp_line (start -1.33 1.27) (end -1.33 3.87) (layer F.SilkS) (width 0.12))
    (fp_line (start -1.33 3.87) (end 1.33 3.87) (layer F.SilkS) (width 0.12))
    (fp_line (start -1.27 -0.635) (end -0.635 -1.27) (layer F.Fab) (width 0.1))
    (fp_line (start -1.27 3.81) (end -1.27 -0.635) (layer F.Fab) (width 0.1))
    (fp_line (start 1.27 3.81) (end -1.27 3.81) (layer F.Fab) (width 0.1))
    (fp_line (start 1.27 -1.27) (end 1.27 3.81) (layer F.Fab) (width 0.1))
    (fp_line (start -0.635 -1.27) (end 1.27 -1.27) (layer F.Fab) (width 0.1))
    (pad 2 thru_hole oval (at 0 2.54 180) (size 1.7 1.7) (drill 1) (layers *.Cu *.Mask)
      (net 8 "Net-(D1-Pad2)"))
    (pad 1 thru_hole rect (at 0 0 180) (size 1.7 1.7) (drill 1) (layers *.Cu *.Mask)
      (net 1 GND))
    (model ${KISYS3DMOD}/Connector_PinHeader_2.54mm.3dshapes/PinHeader_1x02_P2.54mm_Vertical.wrl
      (at (xyz 0 0 0))
      (scale (xyz 1 1 1))
      (rotate (xyz 0 0 0))
    )
  )

  (module Connector_PinHeader_2.54mm:PinHeader_1x01_P2.54mm_Vertical (layer F.Cu) (tedit 59FED5CC) (tstamp 5DCF957D)
    (at 138.43 52.07)
    (descr "Through hole straight pin header, 1x01, 2.54mm pitch, single row")
    (tags "Through hole pin header THT 1x01 2.54mm single row")
    (path /5DCE1A0D)
    (fp_text reference J5 (at 0 -2.33) (layer F.SilkS)
      (effects (font (size 1 1) (thickness 0.15)))
    )
    (fp_text value NightLight_in (at 2.54 0 90) (layer F.Fab)
      (effects (font (size 1 1) (thickness 0.15)))
    )
    (fp_text user %R (at 0 0 90) (layer F.Fab)
      (effects (font (size 1 1) (thickness 0.15)))
    )
    (fp_line (start 1.8 -1.8) (end -1.8 -1.8) (layer F.CrtYd) (width 0.05))
    (fp_line (start 1.8 1.8) (end 1.8 -1.8) (layer F.CrtYd) (width 0.05))
    (fp_line (start -1.8 1.8) (end 1.8 1.8) (layer F.CrtYd) (width 0.05))
    (fp_line (start -1.8 -1.8) (end -1.8 1.8) (layer F.CrtYd) (width 0.05))
    (fp_line (start -1.33 -1.33) (end 0 -1.33) (layer F.SilkS) (width 0.12))
    (fp_line (start -1.33 0) (end -1.33 -1.33) (layer F.SilkS) (width 0.12))
    (fp_line (start -1.33 1.27) (end 1.33 1.27) (layer F.SilkS) (width 0.12))
    (fp_line (start 1.33 1.27) (end 1.33 1.33) (layer F.SilkS) (width 0.12))
    (fp_line (start -1.33 1.27) (end -1.33 1.33) (layer F.SilkS) (width 0.12))
    (fp_line (start -1.33 1.33) (end 1.33 1.33) (layer F.SilkS) (width 0.12))
    (fp_line (start -1.27 -0.635) (end -0.635 -1.27) (layer F.Fab) (width 0.1))
    (fp_line (start -1.27 1.27) (end -1.27 -0.635) (layer F.Fab) (width 0.1))
    (fp_line (start 1.27 1.27) (end -1.27 1.27) (layer F.Fab) (width 0.1))
    (fp_line (start 1.27 -1.27) (end 1.27 1.27) (layer F.Fab) (width 0.1))
    (fp_line (start -0.635 -1.27) (end 1.27 -1.27) (layer F.Fab) (width 0.1))
    (pad 1 thru_hole rect (at 0 0) (size 1.7 1.7) (drill 1) (layers *.Cu *.Mask)
      (net 14 "Net-(J5-Pad1)"))
    (model ${KISYS3DMOD}/Connector_PinHeader_2.54mm.3dshapes/PinHeader_1x01_P2.54mm_Vertical.wrl
      (at (xyz 0 0 0))
      (scale (xyz 1 1 1))
      (rotate (xyz 0 0 0))
    )
  )

  (module Connector_PinHeader_2.54mm:PinHeader_1x01_P2.54mm_Vertical (layer F.Cu) (tedit 59FED5CC) (tstamp 5DCF9592)
    (at 120.65 36.5)
    (descr "Through hole straight pin header, 1x01, 2.54mm pitch, single row")
    (tags "Through hole pin header THT 1x01 2.54mm single row")
    (path /5DC2CF78)
    (fp_text reference J6 (at 0.254 2.108) (layer F.SilkS)
      (effects (font (size 1 1) (thickness 0.15)))
    )
    (fp_text value CondEnable_out (at -2.54 -4.75) (layer F.Fab)
      (effects (font (size 1 1) (thickness 0.15)))
    )
    (fp_text user %R (at 0 0 90) (layer F.Fab)
      (effects (font (size 1 1) (thickness 0.15)))
    )
    (fp_line (start 1.8 -1.8) (end -1.8 -1.8) (layer F.CrtYd) (width 0.05))
    (fp_line (start 1.8 1.8) (end 1.8 -1.8) (layer F.CrtYd) (width 0.05))
    (fp_line (start -1.8 1.8) (end 1.8 1.8) (layer F.CrtYd) (width 0.05))
